3 1 1 2425105
3 1 10 3065834
3 1 100 3750886
3 1 1000 1573125
3 1 10000 1247745
3 1 100000 24151
3 1 1000000 14541
3 1 10000000 1471
3 1 100000000 149
3 1 1000000000 16
3 10 1 3235305
3 10 10 3366662
3 10 100 3748211
3 10 1000 180441
3 10 10000 1247169
3 10 100000 28713
3 10 1000000 14585
3 10 10000000 1460
3 10 100000000 149
3 10 1000000000 18
3 100 1 3491566
3 100 10 3591959
3 100 100 3762854
3 100 1000 323147
3 100 10000 1226598
3 100 100000 141552
3 100 1000000 14537
3 100 10000000 1463
3 100 100000000 150
3 100 1000000000 16
3 1000 1 2177826
3 1000 10 2866260
3 1000 100 2739790
3 1000 1000 870696
3 1000 10000 1122438
3 1000 100000 138971
3 1000 1000000 14548
3 1000 10000000 1459
3 1000 100000000 152
3 1000 1000000000 18
3 10000 1 108490
3 10000 10 698126
3 10000 100 689691
3 10000 1000 622605
3 10000 10000 457335
3 10000 100000 136569
3 10000 1000000 14378
3 10000 10000000 1453
3 10000 100000000 147
3 10000 1000000000 15
3 100000 1 100051
3 100000 10 102225
3 100000 100 102043
3 100000 1000 101692
3 100000 10000 94303
3 100000 100000 76208
3 100000 1000000 13784
3 100000 10000000 1434
3 100000 100000000 152
3 100000 1000000000 13
3 1000000 1 10753
3 1000000 10 10865
3 1000000 100 10863
3 1000000 1000 10895
3 1000000 10000 10615
3 1000000 100000 10645
3 1000000 1000000 8411
3 1000000 10000000 1392
3 1000000 100000000 148
3 1000000 1000000000 18
3 10000000 1 1109
3 10000000 10 1102
3 10000000 100 1098
3 10000000 1000 1103
3 10000000 10000 1097
3 10000000 100000 1099
3 10000000 1000000 1078
3 10000000 10000000 850
3 10000000 100000000 141
3 10000000 1000000000 15
3 100000000 1 102
3 100000000 10 116
3 100000000 100 115
3 100000000 1000 114
3 100000000 10000 115
3 100000000 100000 115
3 100000000 1000000 114
3 100000000 10000000 111
3 100000000 100000000 91
3 100000000 1000000000 13
3 1000000000 1 15
3 1000000000 10 15
3 1000000000 100 15
3 1000000000 1000 14
3 1000000000 10000 13
3 1000000000 100000 15
3 1000000000 1000000 15
3 1000000000 10000000 13
3 1000000000 100000000 13
3 1000000000 1000000000 8
end of monitor
3 1 1 2651011
3 1 10 2687528
3 1 100 2340224
3 1 1000 2169977
3 1 10000 1077867
3 1 100000 130208
3 1 1000000 13404
3 1 10000000 1223
3 1 100000000 144
3 1 1000000000 18
3 10 1 2469743
3 10 10 2692132
3 10 100 2718197
3 10 1000 1985280
3 10 10000 1064157
3 10 100000 129203
3 10 1000000 14346
3 10 10000000 1423
3 10 100000000 136
3 10 1000000000 18
3 100 1 2650726
3 100 10 2677902
3 100 100 2686063
3 100 1000 2212429
3 100 10000 1069129
3 100 100000 129324
3 100 1000000 14353
3 100 10000000 1438
3 100 100000000 145
3 100 1000000000 17
3 1000 1 2662971
3 1000 10 1656624
3 1000 100 2802434
3 1000 1000 2333977
3 1000 10000 1077985
3 1000 100000 131537
3 1000 1000000 13794
3 1000 10000000 1503
3 1000 100000000 156
3 1000 1000000000 24
3 10000 1 1732413
3 10000 10 1619632
3 10000 100 1847368
3 10000 1000 1384272
3 10000 10000 1046591
3 10000 100000 122840
3 10000 1000000 13389
3 10000 10000000 921
3 10000 100000000 106
3 10000 1000000000 11
3 100000 1 194933
3 100000 10 177675
3 100000 100 208304
3 100000 1000 154109
3 100000 10000 136882
3 100000 100000 123760
3 100000 1000000 8415
3 100000 10000000 854
3 100000 100000000 66
3 100000 1000000000 1
3 1000000 1 19576
3 1000000 10 18207
3 1000000 100 21182
3 1000000 1000 16099
3 1000000 10000 14631
3 1000000 100000 15080
3 1000000 1000000 12471
3 1000000 10000000 496
3 1000000 100000000 69
3 1000000 1000000000 5
3 10000000 1 2078
3 10000000 10 1717
3 10000000 100 2096
3 10000000 1000 1625
3 10000000 10000 1442
3 10000000 100000 1516
3 10000000 1000000 1523
3 10000000 10000000 1252
3 10000000 100000000 47
3 10000000 1000000000 3
3 100000000 1 211
3 100000000 10 210
3 100000000 100 210
3 100000000 1000 163
3 100000000 10000 144
3 100000000 100000 150
3 100000000 1000000 152
3 100000000 10000000 153
3 100000000 100000000 129
3 100000000 1000000000 1
3 1000000000 1 20
3 1000000000 10 21
3 1000000000 100 21
3 1000000000 1000 17
3 1000000000 10000 14
3 1000000000 100000 16
3 1000000000 1000000 15
3 1000000000 10000000 16
3 1000000000 100000000 15
3 1000000000 1000000000 13
end of ao